632
631
630
629
628
627
626
625
624
623
632
631
630
629
628
627
626
625
624
623
622
621
620
619
618
617
616
615
614
613
632
631
630
629
628
627
626
625
624
623
632
631
630
629
628
627
626
625
624
623
632
631
630
629
628
627
626
625
624
623
622
622
621
620
619
618
617
616
615
614
613
632
631
630
629
628
627
626
625
624
623
632
631
630
629
628
627
626
625
624
623
622
621
620
619
618
617
616
615
614
613
632
631
630
629
628
627
626
625
624
623
632
631
630
629
628
627
626
625
624
623
632
631
630
629
628
627
626
625
624
623
632
631
630
629
628
627
626
625
624
623
632
632
631
630
629
628
627
626
625
624
623
632
631
630
629
628
627
626
625
624
623
622
621
620
619
618
617
616
615
614
613
632
631
630
629
628
627
626
625
624
623
622
621
620
619
618
617
616
615
614
613
632
631
630
629
628
627
626
625
624
623
622
621
620
619
618
617
616
615
614
613
